#,1.8,
   10,    9,   10,    3,    3,    4,    3,   10,   10,    6,    4,    1,    0,    0,    0,    0,    0,    0,    0,    0,    0,    0,    0,    0,    0,    0,    0,    0,    0,    0,    0,    0,    0,    0,    0,    0,    0,    0,    0,    0,    0,    0,    0,    0,    0,    0,    0,    0,    0,    0,    0,    2,    0,    0,    0,    0,    0,    0,    0,    0,    0,    0,    0,
#,GEN,
         1,       0.282000,       0.282000,       0.282000,       0.282000,       0.282000,       0.282000,       0.282000,       0.000000,      10.000000,       0.100000,    9999.000000,       0.200000,       7.490000,       0.900000,       0.000000,       9.000000,       0.000000,'Generator1',
         2,       2.266000,       0.270000,       0.168000,       2.266000,       2.266000,       0.168000,       0.203000,       0.000000,       8.375000,       0.224000,    9999.000000,       1.660000,       4.249000,       0.900000,       0.000000,       9.000000,       0.000000,'Gen._2',
         3,       1.217000,       0.349000,       0.250000,       0.600000,       0.600000,       0.250000,       0.250000,       0.000000,       7.240000,       0.100000,    9999.000000,       0.200000,       9.014000,       0.900000,       0.000000,       9.000000,       0.000000,'GEN 3',
         4,       1.810000,       0.284000,       0.183000,       1.810000,       1.810000,       0.183000,       0.223000,       0.000000,       6.200000,       0.192000,    9999.000000,       1.890000,       6.672000,       0.900000,       0.000000,       9.000000,       0.000000,'GEN 4',
         5,       1.951000,       0.306000,       0.198000,       1.951000,       1.951000,       0.198000,       0.242000,       0.000000,       6.200000,       0.100000,    9999.000000,       0.500000,       6.149000,       0.900000,       0.000000,       9.000000,       0.000000,'GEN 5',
         6,       1.633000,       0.197000,       0.148000,       1.633000,       1.633000,       0.148000,       0.180000,       0.000000,       6.920000,       0.100000,    9999.000000,       0.200000,       2.620000,       0.900000,       0.000000,       9.000000,       0.000000,'GEN 6',
         7,       0.904000,       0.358000,       0.252000,       0.640000,       0.640000,       0.252000,       0.252000,       0.000000,       5.530000,       0.050000,    9999.000000,       0.050000,       7.692000,       0.900000,       0.000000,       9.000000,       0.000000,'GEN 7',
         8,       0.750000,       0.306000,       0.196000,       0.611000,       0.611000,       0.196000,       0.197000,       0.000000,       5.950000,       0.050000,    9999.000000,       0.050000,       8.393000,       0.900000,       0.000000,       9.000000,       0.000000,'GEN 8',
         9,       1.810000,       0.284000,       0.183000,       1.810000,       1.810000,       0.183000,       0.223000,       0.000000,       0.100000,       0.192000,    9999.000000,       1.890000,       6.672000,       0.900000,       0.000000,       9.000000,       0.000000,'GEN 4-2',
        10,       1.810000,       0.284000,       0.183000,       1.810000,       1.810000,       0.183000,       0.223000,       0.000000,       1.500000,       0.192000,    9999.000000,       1.890000,       6.672000,       0.900000,       0.000000,       9.000000,       0.000000,'GEN 4-3',
#,AVR1,
         1,       1.000000,      50.000000,       0.040000,       5.000000,       0.000000,       0.030000,       0.030000,       0.715000,       0.500000,'AVR 1-1',
         2,       1.000000,      20.000000,       0.000000,       5.000000,       0.000000,       0.000100,       0.000100,       0.715000,       0.500000,'AVR 1-2',
         3,       1.000000,      20.000000,       0.200000,       5.000000,       0.000000,       0.030000,       0.030000,   10000.000000,       0.500000,'AVR 1-3',
         4,       1.000000,      20.000000,       0.040000,       3.300000,       0.000000,       0.030000,       0.030000,       0.715000,       0.500000,'AVR 1-4',
         5,       1.000000,      20.000000,       0.000000,       3.300000,       0.000000,       0.030000,       0.030000,       0.715000,       0.500000,'AVR 1-5',
         6,       1.000000,      20.000000,       0.040000,       6.000000,       0.000000,       0.030000,       0.030000,       0.715000,       0.500000,'AVR 1-6',
         7,       1.000000,      21.500000,       0.000000,       4.000000,       0.000000,       0.030000,       0.030000,       0.715000,       0.050000,'AVR 1-7',
         8,       1.000000,      21.500000,       0.000000,       3.300000,       0.000000,       0.030000,       0.030000,       0.715000,       0.500000,'AVR 1-8',
         9,       0.000000,       0.000000,       0.040000,       5.000000,       0.000000,       0.030000,       0.030000,       0.715000,       0.500000,'AVRÍË³ö',
#,AVR2,
         1,       1.000000,      20.000000,    1,       0.917500,       1.082500,       1.000000,       0.000000,       0.000000,       3.300000,      -2.600000,       0.030000,       0.020000,       2.000000,       2.000000,       2.000000,       2.000000,'AVR 2-1',
         2,       1.000000,      20.000000,    1,       0.917500,       1.082500,       1.000000,       0.250000,       0.120000,       3.300000,      -2.600000,       0.030000,       0.020000,       2.000000,       2.000000,       2.000000,       2.000000,'AVR 2-2',
         3,       1.000000,      20.000000,    1,       0.000000,       0.000000,       1.000000,       0.250000,       0.020000,       3.300000,      -2.600000,       0.030000,       0.020000,       2.000000,       2.000000,       2.000000,       2.000000,'AVR 2-3',
         4,       1.000000,      20.000000,    1,       0.917500,       1.082500,       1.000000,       0.000000,       0.000000,       4.500000,      -3.600000,       0.030000,       0.020000,       2.000000,       2.000000,       2.000000,       2.000000,'AVR 2-4',
         5,       1.000000,     100.000000,    1,       0.983000,       1.017000,       1.000000,       0.250000,       0.120000,       3.300000,      -2.600000,       0.030000,       0.020000,       2.000000,       2.000000,       2.000000,       2.000000,'AVR 2-5',
         6,       1.000000,     100.000000,    1,       0.983000,       1.017000,       1.000000,       0.000000,       0.000000,       6.000000,      -4.800000,       0.030000,       0.020000,       2.000000,       2.000000,       2.000000,       2.000000,'AVR 2-6',
         7,       1.000000,      20.000000,    0,       0.917500,       1.082500,       1.000000,       0.250000,       0.120000,       3.300000,      -2.600000,       0.030000,       0.020000,       2.000000,       2.000000,       2.000000,       2.000000,'AVR 2-7',
         8,       1.000000,      20.000000,    0,       0.917500,       1.082500,       1.000000,       0.000000,       0.000000,       4.500000,      -3.600000,       0.030000,       0.020000,       2.000000,       2.000000,       2.000000,       2.000000,'AVR 2-8',
         9,       1.000000,      50.000000,    1,       0.967000,       1.033000,       1.000000,       0.000000,       0.000000,       4.500000,      -3.600000,       0.030000,       0.020000,       2.000000,       2.000000,       2.000000,       2.000000,'AVR 2-9',
        10,       1.000000,      20.000000,    1,       0.917500,       1.082500,       1.000000,       0.000000,       0.000000,       6.000000,      -4.800000,       0.030000,       0.020000,       2.000000,       2.000000,       2.000000,       2.000000,'AVR 2-10',
#,GOV1,
         1,      20.000000,       1.000000,       0.000000,       1.000000,      -1.000000,       1.000000,       0.000000,       0.002000,       1.000000,  100000.000000,       0.500000,       0.000000,       0.200000,  100000.000000,'GOV 1',
         2,      20.000000,       0.800000,       0.500000,       1.000000,      -1.000000,       1.000000,       0.000000,       0.002000,       1.000000,       5.000000,       5.000000,       1.000000,       0.500000,  100000.000000,'GOV 2',
         3,      20.000000,       1.000000,       0.000000,       1.000000,      -1.000000,       1.000000,       0.000000,       0.002000,       0.333000,  100000.000000,       0.500000,       0.000000,       0.200000,      10.000000,'GOV 3',
#,MOTO,
         1,       0.020000,       0.295000,       0.120000,       0.150000,       2.000000,       0.011600,       0.576000,       2.000000,       0.000000,       0.000000,'MOTOR 1',
         2,       0.020000,       0.295000,       0.120000,       0.150000,       4.000000,       0.011600,       0.576000,       2.000000,       0.000000,       0.000000,'MOTOR 2',
         3,       0.020000,       0.295000,       0.120000,       0.150000,       6.000000,       0.011600,       0.576000,       2.000000,       0.000000,       0.000000,'MOTOR 3',
#,SVC1,
         1,      50.000000,       1.200000,      -1.200000,       1.200000,      -1.200000,       0.050000,       0.050000,       0.001000,'SVC 1-1',
         2,      50.000000,       1.200000,      -1.200000,       0.600000,      -0.600000,       0.040000,       0.001000,       0.001000,'SVC 1-2',
         3,      30.000000,     100.000000,    -100.000000,       0.045000,      -0.045000,       0.050000,       0.005000,       0.001000,'SVC 1-3',
         4,      50.000000,     100.000000,    -100.000000,       2.400000,      -2.400000,       0.050000,       0.050000,       0.001000,'SVC 1-4',
#,SVC2,
         1,       0.041667,       0.020000,      -0.039583,       6.000000,'SVC 2-1',
         2,       0.041667,       0.020000,      -0.033333,       6.000000,'SVC 2-2',
         3,       0.041667,       0.020000,      -0.020833,       6.000000,'SVC 2-3',
#,PSS1,
         1,     200.000000,       0.000000,       0.000000,    0,       5.000000,      -5.000000,      10.000000,       0.300000,       0.050000,       0.300000,       0.050000,'PSS 1',
         2,      30.000000,       0.000000,       0.000000,    0,       0.100000,      -0.100000,      10.000000,       0.250000,       0.050000,       0.250000,       0.050000,'PSS 2',
         3,       0.000000,       0.600000,       0.000000,    0,       0.100000,      -0.100000,      10.000000,       0.250000,       0.250000,       0.250000,       0.250000,'PSS 3',
         4,       0.000000,       0.800000,       0.000000,    0,       0.100000,      -0.100000,      10.000000,       0.250000,       0.250000,       0.250000,       0.250000,'PSS 4',
         5,       0.000000,       1.200000,       0.000000,    0,       0.100000,      -0.100000,      10.000000,       0.250000,       0.250000,       0.250000,       0.250000,'PSS 5',
         6,       7.200000,       1.200000,       0.000000,    0,       0.100000,      -0.100000,      10.000000,       0.250000,       0.250000,       0.250000,       0.250000,'PSS 6',
         7,       3.600000,       0.600000,       0.000000,    0,       0.100000,      -0.100000,      10.000000,       0.250000,       0.250000,       0.250000,       0.250000,'PSS 7',
         8,      10.600000,       0.120000,       0.000000,    0,       0.100000,      -0.100000,      10.000000,       0.250000,       0.050000,       0.250000,       0.050000,'PSS 8',
         9,      26.000000,       0.300000,       0.000000,    0,       0.100000,      -0.100000,      10.000000,       0.250000,       0.050000,       0.250000,       0.050000,'PSS 9',
        10,      52.000000,       0.600000,       0.000000,    0,       0.100000,      -0.100000,      10.000000,       0.250000,       0.050000,       0.250000,       0.050000,'PSS 10',
#,LOAD,
         1,       0.000000,       0.000000,       1.000000,       0.000000,       2.000000,       0.000000,       0.000000,       1.000000,       0.000000,       2.000000,'LOAD 1',
         2,       1.000000,      -1.400000,       1.400000,       2.000000,       2.000000,       3.330000,      -4.660000,       2.330000,       1.000000,       2.000000,'LOAD 2',
         3,       1.000000,      -1.400000,       1.400000,       2.000000,       2.000000,       4.170000,      -5.830000,       2.660000,       1.000000,       2.000000,'LOAD 3',
         4,       1.000000,      -1.400000,       1.400000,       2.000000,       2.000000,       5.000000,      -7.000000,       3.000000,       1.000000,       2.000000,'LOAD 4',
         5,       1.330000,      -1.860000,       1.530000,       2.000000,       2.000000,       5.830000,      -8.160000,       3.330000,       1.000000,       2.000000,'LOAD 5',
         6,       1.330000,      -1.860000,       1.530000,       2.000000,       2.000000,       6.660000,      -9.320000,       3.660000,       1.000000,       2.000000,'LOAD 6',
         7,       0.000000,       1.000000,       0.000000,       0.000000,       2.000000,       0.000000,       0.000000,       1.000000,       0.000000,       2.000000,'LOAD 7',
         8,       0.000000,       0.000000,       1.000000,       0.000000,       2.000000,       0.000000,       0.000000,       1.000000,       0.000000,       2.000000,'LOAD 8',
         9,       0.000000,       1.000000,       0.000000,       0.000000,       2.000000,       0.000000,       1.000000,       0.000000,       0.000000,       2.000000,'LOAD 9',
        10,       1.000000,       0.000000,       0.000000,       0.000000,       2.000000,       1.000000,       0.000000,       0.000000,       0.000000,       2.000000,'LOAD 10',
#,DC,
         1,0.000000,0.000000,       3.000000,       0.500000,       0.625000,       0.375000,'D.C 1',
         2,0.000000,0.000000,       3.000000,       0.500000,       0.625000,       0.375000,'D.C 2',
         3,0.000000,0.000000,       0.030000,       0.030000,       0.030000,       0.008430,'D.C 3',
         4,0.000000,0.000000,       0.030000,       0.030000,       0.030000,       0.013430,'D.C 4',
         5,0.000000,0.000000,       0.020000,       0.020000,       0.020000,       0.112330,'D.C 5',
         6,0.000000,0.000000,       0.020000,       0.020000,       0.020000,       0.000500,'D.C 6',
#,AVR310,
         1,       0.000000,       0.030000,     500.000000,       1.000000,       0.030000,       0.030000,       0.100000,       0.100000,       1.000000,       0.020000,   99999.000000,  -99999.000000,       0.000000,       1.200000,       2.000000,       1.000000,       0.020000,      20.000000,     -20.000000,       1.000000,       1.500000,   99999.000000,       0.000000,       0.397900,       0.100000,       1.700000,   99999.000000,    0,   99999.000000,  -99999.000000,   99999.000000,  -99999.000000,    0,    1,    0,    0,    1,    0,    0,    1,    0,'',
         2,       0.000000,       0.030000,     500.000000,       1.000000,       0.030000,       0.030000,       0.100000,       0.100000,       1.000000,       0.020000,   99999.000000,  -99999.000000,      25.000000,       1.200000,       2.000000,       1.000000,       0.020000,      20.000000,     -20.000000,       1.000000,       1.500000,   99999.000000,       0.000000,       0.397900,       0.100000,       1.700000,   99999.000000,    0,   99999.000000,  -99999.000000,   99999.000000,  -99999.000000,    0,    1,    0,    0,    1,    0,    0,    1,    0,'',
         3,       0.000000,       0.030000,     500.000000,       1.000000,       0.030000,       0.030000,       0.100000,       0.100000,       1.000000,       0.020000,   99999.000000,  -99999.000000,       0.000000,       1.200000,       2.000000,       1.000000,       0.020000,      20.000000,     -20.000000,       1.000000,       1.500000,   99999.000000,       0.000000,       0.397900,       0.100000,       1.700000,   99999.000000,    0,   99999.000000,  -99999.000000,   99999.000000,  -99999.000000,    0,    1,    0,    1,    1,    3,    0,    1,    0,'',
         4,       0.000000,       0.030000,     500.000000,       1.000000,       0.030000,       0.030000,       0.100000,       0.100000,       1.000000,       0.020000,   99999.000000,  -99999.000000,       0.000000,       1.200000,       2.000000,       1.000000,       0.020000,      20.000000,     -20.000000,       1.000000,       1.500000,   99999.000000,       0.000000,       0.397900,       0.100000,       1.700000,   99999.000000,    0,   99999.000000,  -99999.000000,   99999.000000,  -99999.000000,    0,    1,    0,    1,    1,    4,    0,    1,    0,'',
#,AVR1112,
         1,       0.000000,       0.030000,      50.000000,       1.000000,       1.000000,      10.000000,       0.800000,       0.100000,       1.000000,       0.020000,   99999.000000,  -99999.000000,       0.050000,       1.200000,       5.000000,      -3.500000,       0.100000,    0,    0,    9999.900000,   -9999.900000,    9999.900000,   -9999.900000,    0,    1,    0,    0,    1,    0,    0,    1,    0,'',
#,OE1,
         3,      10.000000,      16.000000,       8.000000,      20.000000,       7.600000,       4.000000,      20.000000,       0.100000,       0.200000,    1,    1,'',
         4,      10.000000,      16.000000,       2.900000,       2.523000,       2.755000,       4.000000,      20.000000,       0.100000,       0.200000,    1,    1,'',
